Rotation Matrix 1:
[[ 0.02966584 -0.99916581 -0.02806462]
 [ 0.99954616  0.02980081 -0.00440329]
 [ 0.00523596 -0.02792126  0.99959641]]

Rotation Matrix 2:
[[-0.00336042 -0.99953014 -0.03046646]
 [ 0.96268588  0.00501078 -0.27057492]
 [ 0.27060045 -0.03023888  0.96221672]]

Rotation Matrix 3:
[[ 0.0068972  -0.9991267  -0.04121002]
 [ 0.98793579  0.01318429 -0.15430181]
 [ 0.15471039 -0.0396486   0.98716396]]

Rotation Matrix 4:
[[ 0.01206991 -0.99918455 -0.0385298 ]
 [ 0.98788613  0.01787754 -0.15414727]
 [ 0.15471039 -0.03620251  0.98729635]]

Rotation Matrix 5:
[[ 0.01035129 -0.99900172 -0.04345594]
 [ 0.98843969  0.0167964  -0.15068134]
 [ 0.15126082 -0.04139383  0.98762681]]

Rotation Matrix 6:
[[ 0.0155182  -0.99911606 -0.03906764]
 [ 0.98783798  0.02136523 -0.15401183]
 [ 0.15471039 -0.03620251  0.98729635]]

Rotation Matrix 7:
[[ 0.01555825 -0.99925534 -0.03530879]
 [ 0.99038727  0.02025512 -0.13683126]
 [ 0.13744455 -0.03284052  0.9899649 ]]

Rotation Matrix 8:
[[ 0.01390249 -0.99947667 -0.02920811]
 [ 0.99562764  0.01653562 -0.09193573]
 [ 0.09237059 -0.02780227  0.99533648]]

Rotation Matrix 9:
[[ 0.02085623 -0.99970599 -0.01236745]
 [ 0.99566598  0.02189015 -0.09038843]
 [ 0.09063258 -0.01042869  0.99582979]]

Rotation Matrix 10:
[[ 0.02087496 -0.99963096 -0.01738322]
 [ 0.99656027  0.02219927 -0.07984249]
 [ 0.08019892 -0.01565672  0.99665591]]

Rotation Matrix 11:
[[ 0.02436656 -0.99926176 -0.02970197]
 [ 0.99701677  0.02646697 -0.0725056 ]
 [ 0.0732382  -0.02784665  0.99692564]]

Rotation Matrix 12:
[[ 2.43392063e-02 -9.99703684e-01 -3.84594023e-04]
 [ 9.95897324e-01  2.42800710e-02 -8.71722353e-02]
 [ 8.71557427e-02  1.73868686e-03  9.96193181e-01]]

Rotation Matrix 13:
[[ 0.02782371 -0.99953084 -0.012804  ]
 [ 0.99610434  0.02879602 -0.08334824]
 [ 0.08367784 -0.01043506  0.99643822]]

Rotation Matrix 14:
[[ 0.01913011 -0.99960062 -0.02080001]
 [ 0.99630922  0.02080001 -0.08327846]
 [ 0.08367784 -0.01913011  0.99630922]]

Rotation Matrix 15:
[[ 0.01392103 -0.99948277 -0.02898966]
 [ 0.99695556  0.01609865 -0.07629179]
 [ 0.07671903 -0.02783935  0.99666402]]

Rotation Matrix 16:
[[ 0.015635   -0.99962581 -0.02244499]
 [ 0.9952734   0.01771087 -0.09548396]
 [ 0.09584575 -0.02084601  0.99517789]]

Rotation Matrix 17:
[[ 0.01562691 -0.99972835 -0.01729251]
 [ 0.99475797  0.01729251 -0.10078464]
 [ 0.1010563  -0.01562691  0.99475797]]

Rotation Matrix 18:
[[ 0.00867044 -0.99985066 -0.01494942]
 [ 0.99353402  0.01030619 -0.11306603]
 [ 0.11320321 -0.01387243  0.99347501]]

Rotation Matrix 19:
[[ 0.01389315 -0.99957016 -0.0258161 ]
 [ 0.99495858  0.01638437 -0.0989393 ]
 [ 0.09931975 -0.02431137  0.99475854]]

Rotation Matrix 20:
[[ 0.01564991 -0.99928243 -0.03449202]
 [ 0.99622238  0.01853035 -0.08483865]
 [ 0.08541692 -0.03303401  0.99579752]]

Rotation Matrix 21:
[[ 0.01390249 -0.99947667 -0.02920811]
 [ 0.99562764  0.01653562 -0.09193573]
 [ 0.09237059 -0.02780227  0.99533648]]

Rotation Matrix 22:
[[ 0.01214554 -0.99927019 -0.03621552]
 [ 0.99407677  0.0159784  -0.10749914]
 [ 0.10799936 -0.03469537  0.99354535]]

Rotation Matrix 23:
[[ 0.01734364 -0.99888919 -0.04381297]
 [ 0.99361656  0.02210422 -0.11062336]
 [ 0.11146893 -0.04161468  0.99289622]]

Rotation Matrix 24:
[[ 0.01907404 -0.99936522 -0.03008886]
 [ 0.99338875  0.02235019 -0.1126022 ]
 [ 0.11320321 -0.02774215  0.99318448]]

Rotation Matrix 25:
[[ 0.02428463 -0.99923686 -0.03059331]
 [ 0.99366425  0.0274857  -0.1089766 ]
 [ 0.10973431 -0.02775302  0.99357343]]

Rotation Matrix 26:
[[ 0.02431137 -0.99938912 -0.02510653]
 [ 0.99475854  0.02667852 -0.09871024]
 [ 0.09931975 -0.02257516  0.99479945]]

Rotation Matrix 27:
[[ 0.01562127 -0.99975624 -0.01560216]
 [ 0.9943992   0.01716505 -0.10428607]
 [ 0.10452846 -0.01388569  0.99442495]]

Rotation Matrix 28:
[[ 0.0156545  -0.99853103 -0.05187208]
 [ 0.99651443  0.0198322  -0.0810288 ]
 [ 0.08193851 -0.05042282  0.99536105]]

Rotation Matrix 29:
[[ 0.01385811 -0.99916863 -0.03834056]
 [ 0.9924494   0.01841811 -0.121264  ]
 [ 0.12186934 -0.03637057  0.99187955]]

Rotation Matrix 30:
[[ 0.01733322 -0.99940102 -0.02995278]
 [ 0.99301938  0.02070274 -0.11612019]
 [ 0.11667074 -0.02773095  0.99278343]]

Rotation Matrix 31:
[[ 0.01562965 -0.99933425 -0.03296616]
 [ 0.99493281  0.01881889 -0.09876512]
 [ 0.09931975 -0.03125545  0.99456457]]

Rotation Matrix 32:
[[ 0.01389554 -0.99930762 -0.03451367]
 [ 0.99513039  0.01718957 -0.09705682]
 [ 0.0975829  -0.03299694  0.99468024]]

Rotation Matrix 33:
[[ 0.00868186 -0.99938292 -0.0340353 ]
 [ 0.99484283  0.01207215 -0.10070756]
 [ 0.1010563  -0.03298545  0.99433374]]

Rotation Matrix 34:
[[ 0.01563761 -0.99969855 -0.01892822]
 [ 0.99543914  0.01734714 -0.09380824]
 [ 0.09410831 -0.01737495  0.99541034]]

Rotation Matrix 35:
[[ 0.02433921 -0.99967664 -0.00736378]
 [ 0.99589732  0.02488805 -0.08700061]
 [ 0.08715574 -0.00521604  0.99618104]]

Rotation Matrix 36:
[[ 0.01913011 -0.99947801 -0.0260336 ]
 [ 0.99630922  0.02123577 -0.08316841]
 [ 0.08367784 -0.02434649  0.9961954 ]]

Rotation Matrix 37:
[[ 0.02259396 -0.99961645 -0.0160146 ]
 [ 0.99562807  0.02395022 -0.09028366]
 [ 0.09063258 -0.01390472  0.99578732]]

Rotation Matrix 38:
[[ 0.01389554 -0.9996547  -0.02230255]
 [ 0.99513039  0.01600254 -0.09725959]
 [ 0.0975829  -0.02084247  0.99500913]]

Rotation Matrix 39:
[[ 0.01735033 -0.99881385 -0.0454958 ]
 [ 0.99399955  0.02214594 -0.10711887]
 [ 0.10799936 -0.04336426  0.99320475]]

Rotation Matrix 40:
[[ 0.00520534 -0.99967397 -0.02499716]
 [ 0.99413734  0.00787302 -0.10783771]
 [ 0.10799936 -0.02428927  0.9938542 ]]

Rotation Matrix 41:
[[ 0.0156589  -0.99945239 -0.0291501 ]
 [ 0.99679435  0.01789163 -0.07798026]
 [ 0.0784591  -0.02783557  0.99652865]]

Rotation Matrix 42:
[[ 0.01217235 -0.99850039 -0.05337416]
 [ 0.99627094  0.0166703  -0.08465411]
 [ 0.08541692 -0.05214468  0.99497984]]

Rotation Matrix 43:
[[ 0.01567278 -0.99815873 -0.05859618]
 [ 0.99767837  0.01949579 -0.06525167]
 [ 0.0662739  -0.05743747  0.99614693]]

Rotation Matrix 44:
[[ 0.01565672 -0.99928515 -0.03441011]
 [ 0.99665591  0.01835736 -0.07962416]
 [ 0.08019892 -0.03304838  0.99623087]]

Rotation Matrix 45:
[[ 0.022601   -0.99918719 -0.03337903]
 [ 0.99593829  0.02541306 -0.08637769]
 [ 0.08715574 -0.03129123  0.99570314]]

Rotation Matrix 46:
[[ 0.01914086 -0.99938478 -0.02938873]
 [ 0.99686901  0.02133168 -0.07613896]
 [ 0.07671903 -0.02783935  0.99666402]]

Rotation Matrix 47:
[[ 0.02090556 -0.99971286 -0.01171144]
 [ 0.9980209   0.02156218 -0.05907081]
 [ 0.05930637 -0.01045335  0.99818509]]

Rotation Matrix 48:
[[ 0.02957881 -0.99943065 -0.01623178]
 [ 0.99661391  0.03073405 -0.07626358]
 [ 0.07671903 -0.01392103  0.99695556]]

Rotation Matrix 49:
[[ 0.02613613 -0.99953948 -0.01541849]
 [ 0.99809862  0.02695352 -0.05543145]
 [ 0.0558215  -0.01394041  0.99834344]]

Rotation Matrix 50:
[[ 0.02612239 -0.99964534 -0.0051787 ]
 [ 0.99757366  0.02640197 -0.06441843]
 [ 0.06453231 -0.00348338  0.99790954]]

Rotation Matrix 51:
[[ 0.0139376  -0.99985722 -0.0095537 ]
 [ 0.99814252  0.01447914 -0.05917649]
 [ 0.05930637 -0.00871118  0.99820182]]

Rotation Matrix 52:
[[ 0.01393463 -0.99988423 -0.00611213]
 [ 0.99792944  0.01429073 -0.06271043]
 [ 0.06279052 -0.00522563  0.99801305]]

Rotation Matrix 53:
[[ 0.01741797 -0.9998477  -0.00109585]
 [ 0.99787472  0.01745241 -0.06278096]
 [ 0.06279052  0.          0.99802673]]

Rotation Matrix 54:
[[ 0.01916751 -0.99980762  0.00416338]
 [ 0.99825676  0.01890495 -0.05591097]
 [ 0.0558215   0.0052278   0.99842708]]

Rotation Matrix 55:
[[ 0.01740989 -0.9992811   0.0336775 ]
 [ 0.99741212  0.01500768 -0.07031244]
 [ 0.06975647  0.03481448  0.99695636]]

Rotation Matrix 56:
[[ 0.01564513 -0.99979866  0.0125643 ]
 [ 0.99591819  0.01446478 -0.08909397]
 [ 0.0888943   0.0139069   0.99594398]]

Rotation Matrix 57:
[[ 0.01564991 -0.99974776  0.01610879]
 [ 0.99622238  0.01421438 -0.08566751]
 [ 0.08541692  0.01738862  0.99619355]]

Rotation Matrix 58:
[[ 0.0156631  -0.99986049  0.00580271]
 [ 0.99706211  0.01518355 -0.07507731]
 [ 0.07497873  0.00696161  0.99716083]]

Rotation Matrix 59:
[[ 0.01741404 -0.99974251  0.01454843]
 [ 0.9976495   0.01640943 -0.06652976]
 [ 0.0662739   0.01567278  0.99767837]]

Rotation Matrix 60:
[[ 0.01914086 -0.99981476  0.00201721]
 [ 0.99686901  0.01892958 -0.07677143]
 [ 0.07671903  0.00348036  0.99704668]]

Rotation Matrix 61:
[[ 0.02086273 -0.99977654  0.00340959]
 [ 0.99597622  0.02048589 -0.08724509]
 [ 0.08715574  0.00521604  0.99618104]]

Rotation Matrix 62:
[[ 0.01741199 -0.9998402   0.00404815]
 [ 0.99753233  0.0170961  -0.06809538]
 [ 0.06801529  0.00522384  0.9976706 ]]

Rotation Matrix 63:
[[ 0.01564267 -0.99986557 -0.00491381]
 [ 0.99576154  0.01602355 -0.09056602]
 [ 0.09063258 -0.00347629  0.99587833]]

Rotation Matrix 64:
[[ 0.03133424 -0.99934884 -0.0178904 ]
 [ 0.99707181  0.03250203 -0.06922007]
 [ 0.06975647 -0.01566906  0.99744098]]

Rotation Matrix 65:
[[ 0.02611633 -0.9990487  -0.03492327]
 [ 0.9973424   0.02841684 -0.0670867 ]
 [ 0.06801529 -0.0330784   0.99713577]]

Rotation Matrix 66:
[[ 0.02086897 -0.99867198 -0.04710365]
 [ 0.99627431  0.02471591 -0.08262336]
 [ 0.08367784 -0.04520389  0.99546704]]

Rotation Matrix 67:
[[ 0.01564991 -0.99928243 -0.03449202]
 [ 0.99622238  0.01853035 -0.08483865]
 [ 0.08541692 -0.03303401  0.99579752]]

Rotation Matrix 68:
[[ 0.01737495 -0.99979529 -0.01036756]
 [ 0.99541034  0.01827286 -0.0939381 ]
 [ 0.09410831 -0.00868781  0.99552406]]

Rotation Matrix 69:
[[ 0.01736306 -0.99984322  0.00347151]
 [ 0.99472918  0.01692312 -0.1011309 ]
 [ 0.1010563   0.00520916  0.99486707]]

Rotation Matrix 70:
[[ 0.01913826 -0.99978083 -0.00848615]
 [ 0.99673361  0.01974462 -0.0783087 ]
 [ 0.0784591  -0.00695974  0.99689304]]

Rotation Matrix 71:
[[ 0.02088347 -0.99972891 -0.0102948 ]
 [ 0.99696643  0.02159578 -0.07477667]
 [ 0.07497873 -0.00870197  0.99714716]]

Rotation Matrix 72:
[[ 0.01914086 -0.99943455 -0.02764443]
 [ 0.99686901  0.02119876 -0.07617607]
 [ 0.07671903 -0.0260998   0.99671109]]

Rotation Matrix 73:
[[ 0.01044092 -0.99930799 -0.03570048]
 [ 0.99699808  0.01314271 -0.07630263]
 [ 0.07671903 -0.03479664  0.99644537]]

Rotation Matrix 74:
[[ 0.02090109 -0.99892248 -0.04143692]
 [ 0.99780784  0.02344489 -0.06188572]
 [ 0.06279052 -0.0400526   0.99722271]]

Rotation Matrix 75:
[[ 0.02438661 -0.99955473 -0.01719399]
 [ 0.99783684  0.02538779 -0.06063902]
 [ 0.06104854 -0.01567802  0.99801166]]

Rotation Matrix 76:
[[ 0.01568433 -0.99985848 -0.00608474]
 [ 0.99841348  0.01599022 -0.05398916]
 [ 0.05407881 -0.0052283   0.99852298]]

Rotation Matrix 77:
[[ 0.00870932 -0.9998721   0.01341376]
 [ 0.99798873  0.00784903 -0.06290385]
 [ 0.06279052  0.01393463  0.99792944]]

Rotation Matrix 78:
[[ 1.56610240e-02 -9.99877213e-01  5.40064766e-04]
 [ 9.96929748e-01  1.55734100e-02 -7.67368611e-02]
 [ 7.67190281e-02  1.74018445e-03  9.97051234e-01]]

Rotation Matrix 79:
[[ 0.02268453 -0.99958412 -0.01780422]
 [ 0.99961927  0.02295794 -0.01530493]
 [ 0.01570732 -0.01745025  0.99972435]]

Rotation Matrix 80:
[[ 0.01568579 -0.99946384 -0.02873993]
 [ 0.99850634  0.01716232 -0.05187052]
 [ 0.05233596 -0.02788337  0.99824018]]

Rotation Matrix 81:
[[ 0.01219154 -0.99908819 -0.04091655]
 [ 0.99784114  0.01479676 -0.06398522]
 [ 0.06453231 -0.04004814  0.99711169]]

Rotation Matrix 82:
[[ 0.00871458 -0.99973305 -0.02139823]
 [ 0.99859151  0.00982062 -0.05213973]
 [ 0.05233596 -0.02091372  0.99841052]]

Rotation Matrix 83:
[[ 0.01394305 -0.99926791 -0.03562637]
 [ 0.99853219  0.01578    -0.0518117 ]
 [ 0.05233596 -0.03485167  0.9980212 ]]

Rotation Matrix 84:
[[ 0.01220716 -0.99929913 -0.03538688]
 [ 0.99911982  0.01361003 -0.03967798]
 [ 0.04013179 -0.03487138  0.99858571]]

Rotation Matrix 85:
[[ 0.01221432 -0.99957602 -0.02643076]
 [ 0.99970607  0.01276098 -0.02061388]
 [ 0.02094242 -0.02617121  0.99943808]]

Rotation Matrix 86:
[[ 0.01220716 -0.99980971  0.01521592]
 [ 0.99911982  0.01158518 -0.04031574]
 [ 0.04013179  0.01569466  0.99907113]]

Rotation Matrix 87:
[[ 1.56872018e-02 -9.99876497e-01  9.50434896e-04]
 [ 9.98596148e-01  1.56190030e-02 -5.06140359e-02]
 [ 5.05929401e-02  1.74309322e-03  9.98717836e-01]]

Rotation Matrix 88:
[[ 0.02091917 -0.99966945 -0.01494555]
 [ 0.9986708   0.02159794 -0.04679913]
 [ 0.04710645 -0.01394668  0.99879251]]

Rotation Matrix 89:
[[ 0.01566712 -0.99973564 -0.01682827]
 [ 0.99731773  0.01682827 -0.07123308]
 [ 0.07149744 -0.01566712  0.99731773]]

Rotation Matrix 90:
[[ 0.01915524 -0.99967238 -0.01697656]
 [ 0.99761759  0.02023587 -0.06595197]
 [ 0.0662739  -0.01567278  0.99767837]]

Rotation Matrix 91:
[[ 0.01742169 -0.99967735 -0.01848463]
 [ 0.99808779  0.01848463 -0.05898372]
 [ 0.05930637 -0.01742169  0.99808779]]

Rotation Matrix 92:
[[ 0.01741985 -0.99926267 -0.03421499]
 [ 0.99798278  0.01946658 -0.06042705]
 [ 0.06104854 -0.03309334  0.99758604]]

Rotation Matrix 93:
[[ 0.02266906 -0.99916278 -0.03405663]
 [ 0.99893721  0.02400509 -0.0393472 ]
 [ 0.04013179 -0.03312847  0.99864505]]

Rotation Matrix 94:
[[ 0.01916935 -0.99976858 -0.00976306]
 [ 0.99835265  0.01966855 -0.05389926]
 [ 0.05407881 -0.00871377  0.99849865]]

Rotation Matrix 95:
[[ 0.02090556 -0.99963783 -0.01694574]
 [ 0.9980209   0.02187118 -0.0589571 ]
 [ 0.05930637 -0.01567967  0.99811668]]

Rotation Matrix 96:
[[ 0.02091177 -0.99949765 -0.02381461]
 [ 0.99831767  0.02216366 -0.05357791]
 [ 0.05407881 -0.02265413  0.99827966]]

Rotation Matrix 97:
[[ 0.01741985 -0.99970761 -0.01677024]
 [ 0.99798278  0.01840902 -0.06075758]
 [ 0.06104854 -0.01567802  0.99801166]]

Rotation Matrix 98:
[[ 0.02090109 -0.99969    -0.01352921]
 [ 0.99780784  0.0217078  -0.06251621]
 [ 0.06279052 -0.01219289  0.99795225]]

Rotation Matrix 99:
[[ 0.01919557 -0.9997637  -0.01020183]
 [ 0.99971825  0.01905021  0.01415987]
 [-0.01396218 -0.01047076  0.9998477 ]]

Rotation Matrix 100:
[[ 0.02734151 -0.99960469 -0.00655051]
 [ 0.97884103  0.02544307  0.20303422]
 [-0.2027873  -0.01196317  0.97914973]]

Rotation Matrix 101:
[[ 0.062756   -0.99455706 -0.08317415]
 [ 0.99747803  0.05973461  0.03833219]
 [-0.03315518 -0.08536996  0.99579752]]

Rotation Matrix 102:
[[-0.27975257 -0.93179467  0.23129461]
 [ 0.93841132 -0.21450108  0.27087538]
 [-0.2027873   0.29282757  0.9344139 ]]

Rotation Matrix 103:
[[-0.9597819  -0.26469639  0.0935656 ]
 [ 0.28065987 -0.91291877  0.29632643]
 [ 0.00698126  0.31066886  0.95049257]]

Rotation Matrix 104:
[[-0.88251191  0.43881541 -0.16915604]
 [-0.46923991 -0.84563357  0.25439688]
 [-0.03141076  0.30388304  0.9521914 ]]

Rotation Matrix 105:
[[-0.30724444  0.95072396  0.0415307 ]
 [-0.92902136 -0.3091155   0.20338859]
 [ 0.20620419  0.02390711  0.97821689]]

Rotation Matrix 106:
[[-0.4164111   0.90836226  0.03846809]
 [-0.89708092 -0.417382    0.14504513]
 [ 0.14780941  0.02588942  0.98867695]]

Rotation Matrix 107:
[[-0.41848817  0.90601898  0.06322396]
 [-0.86955419 -0.41979493  0.26009177]
 [ 0.26218918  0.05386867  0.96351181]]

Rotation Matrix 108:
[[-0.40501062  0.91227154 -0.06104939]
 [-0.8969991  -0.38352261  0.21977948]
 [ 0.17708474  0.14377428  0.97363749]]

Rotation Matrix 109:
[[-0.23802333  0.96549136 -0.10569453]
 [-0.95465945 -0.21253241  0.20845938]
 [ 0.17880222  0.15052048  0.97230312]]

Rotation Matrix 110:
[[-0.01916751  0.99440935 -0.10383955]
 [-0.99825676 -0.02483273 -0.05354222]
 [-0.0558215   0.10263226  0.99315184]]

Rotation Matrix 111:
[[-0.02368566  0.99820273 -0.0550481 ]
 [-0.96915596 -0.00941542  0.2462683 ]
 [ 0.24530739  0.05918322  0.96763714]]

Rotation Matrix 112:
[[-0.02073861  0.9988081  -0.04418473]
 [-0.99005089 -0.01436466  0.13997464]
 [ 0.1391731   0.04664801  0.98916875]]

Rotation Matrix 113:
[[-0.02072831  0.998733   -0.04585563]
 [-0.98955916 -0.01395155  0.14345044]
 [ 0.14262893  0.04835034  0.98859457]]

Rotation Matrix 114:
[[-0.02414457  0.99884192 -0.04161552]
 [-0.98793339 -0.0174692   0.15389104]
 [ 0.15298584  0.04482899  0.98721107]]

Rotation Matrix 115:
[[-0.01730705  0.99937252 -0.03090357]
 [-0.99152013 -0.01317322  0.12928382]
 [ 0.1287956   0.03287903  0.99112596]]

Rotation Matrix 116:
[[-0.02251823  0.99761554 -0.0652393 ]
 [-0.99229068 -0.01434795  0.12309892]
 [ 0.12186934  0.06750832  0.99024769]]

Rotation Matrix 117:
[[-0.02589613  0.99782043 -0.06069416]
 [-0.98893333 -0.01669854  0.14741784]
 [ 0.14608303  0.06384003  0.98721031]]

Rotation Matrix 118:
[[-0.02590932  0.99724616 -0.06948954]
 [-0.98943706 -0.01566434  0.14411431]
 [ 0.14262893  0.07248943  0.98711816]]

Rotation Matrix 119:
[[-0.02073861  0.99743042 -0.0685746 ]
 [-0.99005089 -0.01094048  0.14028381]
 [ 0.1391731   0.07080164  0.98773376]]

Rotation Matrix 120:
[[-0.02242629  0.99798532 -0.05934942]
 [-0.98823946 -0.01314726  0.15234803]
 [ 0.15126082  0.06206804  0.98654332]]

Rotation Matrix 121:
[[-0.01555062  0.99834605 -0.05534741]
 [-0.98990152 -0.00757143  0.14155441]
 [ 0.14090123  0.05698975  0.98838202]]

Rotation Matrix 122:
[[-0.01555445  0.9987897  -0.04666032]
 [-0.9901459  -0.00889083  0.1397571 ]
 [ 0.1391731   0.04837437  0.98908582]]

Rotation Matrix 123:
[[-0.01383953  0.99895696 -0.04351388]
 [-0.99111892 -0.00794885  0.13274073]
 [ 0.13225639  0.0449645   0.99019515]]

Rotation Matrix 124:
[[-5.19581414e-03  9.99206671e-01 -3.94845909e-02]
 [-9.92318335e-01 -2.71464887e-04  1.23710338e-01]
 [ 1.23601477e-01  3.98240595e-02  9.91532510e-01]]

Rotation Matrix 125:
[[ 0.0034532   0.99936694 -0.0354089 ]
 [-0.98926631  0.00858672  0.14587133]
 [ 0.14608303  0.03452511  0.98866969]]

Rotation Matrix 126:
[[-0.01557294  0.99833667 -0.05551011]
 [-0.99132255 -0.00816859  0.13119786]
 [ 0.13052619  0.05707156  0.98980086]]

Rotation Matrix 127:
[[-0.01907404  0.99864525 -0.04841319]
 [-0.99338875 -0.01344663  0.11400866]
 [ 0.11320321  0.05026772  0.99229945]]

Rotation Matrix 128:
[[-0.02254594  0.99823043 -0.05502447]
 [-0.99351213 -0.01623476  0.11256143]
 [ 0.11146893  0.05720528  0.99212007]]

Rotation Matrix 129:
[[-0.01904184  0.99874123 -0.04640436]
 [-0.99171165 -0.01296859  0.12782731]
 [ 0.12706461  0.04845382  0.99071026]]

Rotation Matrix 130:
[[-0.02073349  0.99873123 -0.04589177]
 [-0.98980653 -0.01403593  0.14172518]
 [ 0.14090123  0.04836243  0.98884171]]

Rotation Matrix 131:
[[-0.01901525  0.9986688  -0.04794841]
 [-0.99032692 -0.01222042  0.13821449]
 [ 0.13744455  0.05011279  0.98924097]]

Rotation Matrix 132:
[[-0.00172661  0.99905782 -0.0433646 ]
 [-0.98927083  0.00462838  0.1460199 ]
 [ 0.14608303  0.04315145  0.98833076]]

Rotation Matrix 133:
[[-0.01910582  0.99974441 -0.01208645]
 [-0.99504399 -0.01783335  0.09782344]
 [ 0.0975829   0.01389554  0.99513039]]

Rotation Matrix 134:
[[-0.0172991   0.99983944 -0.00467206]
 [-0.99106457 -0.01652881  0.13235486]
 [ 0.13225639  0.00691993  0.99119139]]

Rotation Matrix 135:
[[-0.017326    0.99979869 -0.01011862]
 [-0.99260614 -0.01598362  0.12032279]
 [ 0.12013684  0.01212852  0.99268325]]

Rotation Matrix 136:
[[-0.01735359  0.99897696 -0.04175995]
 [-0.9941865  -0.01280133  0.10690803]
 [ 0.10626407  0.04337241  0.99339155]]

Rotation Matrix 137:
[[-0.02760037  0.99914858 -0.03066501]
 [-0.98810849 -0.02262776  0.15208419]
 [ 0.15126082  0.03449794  0.98789172]]

Rotation Matrix 138:
[[-0.0259222   0.99948268 -0.01903737]
 [-0.98992873 -0.02301383  0.13968349]
 [ 0.1391731   0.02246654  0.99001318]]

Rotation Matrix 139:
[[-0.02597054  0.99931467 -0.02637668]
 [-0.99177473 -0.02244853  0.12601171]
 [ 0.12533323  0.02943232  0.99167803]]

Rotation Matrix 140:
[[-0.02425522  0.99924919 -0.03021169]
 [-0.99246099 -0.02043678  0.120845  ]
 [ 0.12013684  0.03291505  0.99221154]]

Rotation Matrix 141:
[[-0.01735033  0.99977655 -0.01207539]
 [-0.99399955 -0.01594303  0.10821605]
 [ 0.10799936  0.01388052  0.99405406]]

Rotation Matrix 142:
[[-0.0173568   0.99983607 -0.00515597]
 [-0.99437042 -0.01672235  0.10463184]
 [ 0.10452846  0.00694302  0.99449766]]

Rotation Matrix 143:
[[-0.01215446  0.99902751 -0.0423827 ]
 [-0.99480646 -0.00779769  0.10148548]
 [ 0.1010563   0.04339609  0.9939338 ]]

Rotation Matrix 144:
[[-0.01559024  0.99944338 -0.02949359]
 [-0.9924237  -0.01187203  0.12228756]
 [ 0.12186934  0.03117663  0.99205639]]

Rotation Matrix 145:
[[-0.00518997  0.99966175 -0.02548434]
 [-0.99120195 -0.00177215  0.13234632]
 [ 0.13225639  0.025947    0.99087588]]

Rotation Matrix 146:
[[-0.01216076  0.99976357 -0.01802528]
 [-0.99532191 -0.01037489  0.09605547]
 [ 0.09584575  0.01910906  0.99521276]]

Rotation Matrix 147:
[[-0.0208078   0.99925438 -0.03252254]
 [-0.99335395 -0.01697979  0.11384032]
 [ 0.11320321  0.03467516  0.9929666 ]]

Rotation Matrix 148:
[[-0.02769532  0.99922831 -0.02785241]
 [-0.99150772 -0.02391822  0.12782943]
 [ 0.12706461  0.03115616  0.991405  ]]

Rotation Matrix 149:
[[-0.02771941  0.99823874 -0.05245055]
 [-0.99237028 -0.0211745   0.12146138]
 [ 0.12013684  0.05541721  0.9912094 ]]

Rotation Matrix 150:
[[-0.02255888  0.99781434 -0.06210987]
 [-0.99408201 -0.01578434  0.10747935]
 [ 0.10626407  0.06416692  0.99226536]]

Rotation Matrix 151:
[[-0.00346537  0.99825862 -0.05888739]
 [-0.99275129  0.00364033  0.12013166]
 [ 0.12013684  0.05887684  0.99100992]]

Rotation Matrix 152:
[[-0.02607734  0.99749757 -0.0657158 ]
 [-0.99585333 -0.02019044  0.08870455]
 [ 0.08715574  0.06775647  0.99388779]]

